image: ./map_stock_karto.pgm
resolution: 0.050000
origin: [-8.828652, -4.187501, 0.000000]
negate: 0
occupied_thresh: 0.65
free_thresh: 0.196

